1000      2.051
1500      4.216
2000      7.19
2500      10.331
3000      14.308
3500      20.296
4000      27.975
4500      38.52
5000      49.321
5500      64.16
6000      76.973
6500      93.227
7000      111.326
7500      136.267
8000      162.857
8500      177.12
9000      202.787
9500      228.712
10000      255.583
10500      285.488
11000      315.954
11500      349.206
12000      383.355
12500      419.774
13000      463.243
13500      503.06
14000      542.535
14500      586.226
15000      627.85
15500      679.298
16000      723.176
16500      773.191
17000      828.545
17500      881.252
18000      936.665
18500      985.155
19000      1046.67
19500      1109.9
20000      1170.88
20500      1235.28
21000      1300.39
21500      1375.68
22000      1431.65
22500      1500.67
23000      1569.4
23500      1664.7
24000      1895.94
24500      1808.36
25000      1877.69
25500      2173.86
26000      2146.8
26500      2133.57
27000      2217.78
27500      2297.5
28000      2430.97
28500      2491.42
29000      2570.95
29500      2686.18
30000      2776.23
30500      2870.91
31000      2973.25
31500      3077.39
32000      3155.6
32500      3267.36
33000      3355.52
33500      3479.15
34000      3564.99
34500      3689.48
35000      3820.95
35500      3908.53
36000      4020.61
36500      4158.34
37000      4275.19
37500      4383.48
38000      4528.3
38500      4645.8
39000      4764.73
39500      4886.46
40000      5024.11
40500      5139.74
41000      5265.03
41500      5430.12
42000      5562.81
42500      5713.53
43000      5845.6
43500      5992.84
44000      6115.32
44500      6255.45
45000      6418.71
45500      6530.85
46000      6676.1
46500      6936.68
47000      7020.5
47500      7161.7
48000      7279.72
48500      7452.71
49000      7623.61
49500      7784.76
50000      7935.19
50500      8114.58
51000      8286.36
51500      8456.05
52000      8629.43
52500      8765.61
53000      8948.25
53500      9097.52
54000      9296.87
54500      9457.45
55000      10617
55500      10626.5
56000      10831.6
56500      11051.3
57000      11192.4
57500      11513.3
58000      11430.4
58500      11198.2
59000      11444.8
59500      11791.8
60000      11895
60500      12317.8
61000      12338.8
61500      12484.8
62000      12961.2
62500      13045.6
63000      13215.8
63500      13619.9
64000      13636
64500      13764.5
65000      14079.6
65500      14182.9
66000      14575
66500      14743.9
67000      15036.2
67500      14722.2
68000      14890.3
68500      15044.2
69000      15288
69500      15478.8
70000      15762.4
70500      15961.4
71000      16147
71500      16400.2
72000      16647.1
72500      16902.2
73000      17093.5
73500      17367.1
74000      17524.2
74500      17871.1
75000      18042.4
75500      18366.1
76000      18567.9
76500      18778.3
77000      19054.7
77500      19327.9
78000      19616.3
78500      20522.8
79000      20781.8
79500      21772.8
80000      20886.7
80500      21519.2
81000      21962.9
81500      24315.2
82000      22387.2
82500      23341.7
83000      23246.8
83500      23277.5
84000      24202.6
84500      24620.5
85000      24808.2
85500      25043.3
86000      24104
86500      24488.7
87000      25208.3
87500      25190.4
88000      25503.7
88500      25521.1
89000      25684
89500      25991.8
90000      26319.6
90500      26612.2
91000      26865.7
91500      27180.6
92000      27492
92500      27779.5
93000      28031.1
93500      28397.5
94000      28710.7
94500      28953.2
95000      29487.2
95500      29640.1
96000      29915
96500      30284.1
97000      30564.4
97500      30915.6
98000      31198
98500      31558.6
99000      31956.3
99500      32055.3
100000      32539.3
100500      32779.1
101000      33105.3
101500      33400
102000      33835.9
102500      34324.4
103000      34482
103500      34715.4
104000      35090.3
104500      35466.7
105000      35908.5
105500      36155.4
106000      36603.9
106500      36923.3
107000      37181.6
107500      37634.8
108000      37984.8
108500      38356.9
109000      38622
109500      39023.7
110000      39416.8
110500      39668.1
111000      40142.2
111500      40507.2
112000      40845.8
112500      41996.7
113000      41608.5
113500      43393.4
114000      48784.4
114500      51804.4
115000      61606.5
115500      46138.1
116000      44783.7
116500      45051.4
117000      45420.9
117500      45668.2
118000      45794.8
118500      46542.4
119000      46319.5
119500      45875.4
120000      46441.5
120500      46691.8
121000      47104.3
121500      47431
122000      48040.8
122500      49146.5
123000      49516.6
123500      49793.4
124000      50840.5
124500      51904.1
125000      50844.5
125500      51202.9
126000      51624.6
126500      52012.8
127000      52369.8
127500      52999.7
128000      53853.1
128500      54012.9
129000      54392.9
129500      54980.7
130000      55202.1
130500      55762.7
131000      56000.4
131500      56507.5
132000      56669.7
132500      57172.3
133000      57402.7
133500      57988.6
134000      58259.8
134500      58880.6
135000      59251.5
135500      59701.2
136000      60151.3
136500      60477.7
137000      61055.4
137500      61965.6
138000      62595.7
138500      63008
139000      63391.8
139500      63703.7
140000      64117.7
140500      64631.8
141000      65223.7
141500      65746.9
142000      66177.4
142500      66457.2
143000      67133.6
143500      67473.9
144000      67968.5
144500      68512.3
145000      68998.2
145500      69516.2
146000      70024.2
146500      70379
147000      70910.2
147500      71267.8
148000      71884.1
148500      72317.8
149000      73084.6
149500      73288.9
150000      73926.8
150500      74185.5
151000      74934.6
151500      75238.3
152000      75986
152500      76262.9
153000      76885.3
153500      77429.7
154000      77994.1
154500      78244.1
155000      78719
155500      79514.2
156000      79715.5
156500      80384.1
157000      81001.6
157500      81802.7
158000      83696.6
158500      84551.8
159000      84799.6
159500      85392.8
160000      85787.4
160500      86583.7
161000      86905.8
161500      87632.1
162000      88120.7
162500      88776.4
163000      89302
163500      89745.5
164000      90210.1
164500      90881.6
165000      91357.2
165500      91623.8
166000      92294.8
166500      92817.3
167000      93824.2
167500      94227.5
168000      92784.6
168500      93282.9
169000      93906.9
169500      94135.8
170000      95008.8
170500      95588.1
171000      95830.3
171500      96684.7
172000      96915.2
172500      97745.6
173000      98205.4
173500      98616.6
174000      99561.4
174500      100102
175000      102702
175500      103447
176000      103867
176500      104495
177000      105222
177500      105878
178000      106325
178500      106765
179000      107280
179500      108065
180000      108692
180500      109126
181000      109826
181500      110902
182000      111243
182500      111543
183000      111575
183500      110725
184000      111008
184500      111859
185000      112326
185500      113229
186000      113875
186500      114157
187000      114688
187500      115378
188000      116058
188500      116566
189000      117318
189500      117866
190000      118485
190500      119004
191000      119690
191500      120137
192000      121089
192500      121525
193000      122469
193500      123099
194000      123543
194500      124038
195000      124802
195500      125580
196000      126372
196500      126808
197000      127325
197500      128047
198000      128843
198500      129313
199000      130028
199500      130570
200000      131237
200500      132037
201000      132577
201500      133228
202000      133830
202500      134770
203000      135367
203500      135970
204000      136759
204500      137282
205000      137998
205500      138685
206000      139480
206500      139724
207000      140289
207500      141311
208000      142274
208500      142765
209000      143645
209500      144132
210000      144624
210500      145220
211000      145816
211500      146817
212000      147532
212500      148419
213000      149154
213500      149763
214000      150470
214500      150594
215000      151507
215500      152573
216000      153057
216500      153954
217000      154848
217500      155226
218000      156077
218500      156865
219000      157615
219500      158054
220000      158912
220500      159429
221000      160685
221500      161055
222000      162074
222500      162723
223000      163078
223500      164113
224000      164627
224500      165312
225000      166621
225500      157379
