1100      2.78
1600      5.945
2100      8.81
2600      12.351
3100      16.874
3600      27.635
4100      34.852
4600      42.068
5100      52.833
5600      65.419
6100      81.458
6600      100.155
7100      113.281
7600      133.594
8100      156.368
8600      180.042
9100      206.444
9600      233.432
10100      259.291
10600      288.938
11100      320.878
11600      354.933
12100      394.778
12600      429.192
13100      513.201
13600      507.563
14100      551.845
14600      592.81
15100      639.717
15600      695.648
16100      732.272
16600      794.104
17100      854.099
17600      896.95
18100      1002.96
18600      1068.07
19100      1063.81
19600      1119
20100      1224.18
20600      1261.64
21100      1370.85
21600      1392.94
22100      1499.8
22600      1517.14
23100      1591.4
23600      1721.98
24100      1767.48
24600      1850.74
25100      1911.82
25600      1990.79
26100      2061.18
26600      2147.58
27100      2229.74
27600      2339.46
28100      2456.96
28600      2551.32
29100      2622.69
29600      2730.91
30100      2850.4
30600      2923.74
31100      3055.12
31600      3073.44
32100      3175.59
32600      3388.18
33100      3402.59
33600      3495.23
34100      3745.01
34600      3753.76
35100      3884.67
35600      4056.21
36100      4061.37
36600      4181.68
37100      4375.24
37600      4489.3
38100      4536.47
38600      4647.66
39100      4805.77
39600      4916.98
40100      5049.14
40600      5251.63
41100      5313.3
41600      5502.93
42100      5617.47
42600      5729.28
43100      5844.17
43600      5969.7
44100      6126.81
44600      6336.31
45100      6416.26
45600      6597.82
46100      6717.55
46600      6876.15
47100      7249.93
47600      7168.52
48100      7412.65
48600      7550.35
49100      7735.22
49600      7903
50100      8047.83
50600      8233.99
51100      8403.03
51600      8557.04
52100      8750.98
52600      8888.44
53100      9055.94
53600      9199.03
54100      9354.43
54600      9548.43
55100      9745.6
55600      10035.1
56100      10079.5
56600      10304.5
57100      10565.9
57600      10738.9
58100      10891.9
58600      11011.1
59100      11231.4
59600      11406.1
60100      11605.6
60600      11782.1
61100      12018.9
61600      12195.4
62100      12410.5
62600      12564.2
63100      12805.9
63600      13071
64100      13197.4
64600      13429.9
65100      13632.3
65600      13978.4
66100      14099.8
66600      14265.4
67100      14517.2
67600      14762.6
68100      14910.1
68600      15170
69100      15425
69600      15664.6
70100      15854.6
70600      16000
71100      16290.2
71600      16560.2
72100      16755.3
72600      16959.2
73100      17186.4
73600      17474.3
74100      17727
74600      18137.9
75100      18294.5
75600      18745.5
76100      19439.4
76600      19185.9
77100      19156.9
77600      19362
78100      19743.2
78600      19871
79100      20264
79600      20534.5
80100      20792.7
80600      20985.6
81100      21233.4
81600      21450.2
82100      21790.7
82600      22069.6
83100      22362.9
83600      22716.7
84100      22959.3
84600      23175
85100      23487.5
85600      23680.6
86100      24164.7
86600      24306.8
87100      24760.6
87600      24846.4
88100      25188.6
88600      25529.8
89100      25765.1
89600      25982.4
90100      26357.2
90600      26645.2
91100      26961.9
91600      27287
92100      28043.7
92600      28125.4
93100      28557.4
93600      28753.3
94100      28690.8
94600      29078.6
95100      29373.1
95600      29737.7
96100      29998.6
96600      30552.5
97100      30675.8
97600      31036.7
98100      31257.3
98600      31627
99100      31913.6
99600      32242.9
100100      32503.5
