1200      3.795
1700      7.866
2200      18.358
2700      23.487
3200      29.095
3700      34.441
4200      50.957
4700      69.241
5200      81.083
5700      98.013
6200      143.409
6700      177.538
7200      260.15
7700      287.533
8200      265.174
8700      253.552
9200      354.941
9700      325.507
10200      405.22
10700      364.418
11200      352.928
11700      510.216
12200      561.368
12700      582.729
13200      612.967
13700      607.015
14200      812.641
14700      909.331
15200      1098.54
15700      932.52
16200      1018.19
16700      1435.11
17200      1282.16
17700      1658.68
18200      1526.8
18700      1315.72
19200      1567.85
19700      1872.67
20200      2202.05
20700      2462.01
21200      2677
21700      2847.24
22200      2924.02
22700      3003.34
23200      3271.81
23700      3400.42
24200      3472.92
24700      3665.7
25200      3918.21
25700      4076.78
26200      4276.54
26700      4399.34
27200      4628.61
27700      5042.12
28200      5049.76
28700      5374.16
29200      4521.96
29700      3831.7
30200      3129.09
30700      3672.26
31200      3576.71
31700      3557.34
32200      3426.77
32700      3465.85
33200      3492.02
33700      3632.45
34200      3792.81
34700      4405.69
35200      4173.6
35700      4395.07
36200      4412.96
36700      4594.5
37200      4592.4
37700      4677.33
38200      4838.49
38700      6602.79
39200      5827.9
39700      7581.3
40200      6441.47
40700      6685.62
41200      5509.72
41700      6104.35
42200      6352.93
42700      7169.13
43200      8380.78
43700      7361.11
44200      7641.66
44700      7692.29
45200      7594.22
45700      8496.77
46200      7711.21
46700      8557.82
47200      9651.28
47700      9654.59
48200      9805.08
48700      9287.82
49200      10025.2
49700      10769.4
50200      11258
50700      10626.8
51200      11672.1
51700      9339.14
52200      9256.68
52700      9804.27
53200      9523.74
53700      10026.4
54200      9935.07
54700      10132.3
55200      10773.4
55700      11104.3
56200      12866
56700      10752.1
57200      11596
57700      11532.7
58200      12022.8
58700      12292.4
59200      13334.6
59700      15273.4
60200      16840.8
60700      18603.5
61200      17414.2
61700      16188.3
62200      14661.4
62700      14767.4
63200      14949.9
63700      14407.6
64200      16092.8
64700      16798.2
65200      15974.1
65700      16215
66200      17206.9
66700      16938.7
67200      16028.4
67700      17884
68200      24084
68700      22379.4
69200      22181.6
69700      24071.5
70200      22353.5
70700      20131.6
71200      20661
71700      19868.9
72200      19850.9
72700      21331.9
73200      22193.8
73700      22030.9
74200      27631.8
74700      27528.8
75200      27014.7
75700      28978.4
76200      25685.5
76700      23123
77200      23253.1
77700      24374.8
78200      20962
78700      21119.4
79200      21527.3
79700      21770.5
80200      22205.8
80700      26094.4
81200      26186.5
81700      25508.9
82200      25519.7
82700      26767.1
83200      27016.7
83700      26032.1
84200      27464.8
84700      27027.7
85200      27758.8
85700      27932.8
86200      27460.2
86700      52493.8
87200      48595.6
87700      47662.3
88200      47059.2
88700      48362.6
89200      40010.4
89700      51626.5
90200      46563.6
90700      42159.2
91200      36879
91700      37628.7
92200      54569.9
92700      51761.8
93200      54617.7
93700      34938.9
94200      31888
94700      33289.2
95200      33501.6
95700      34532.3
96200      38323.6
96700      46266.7
97200      51078.7
97700      49257.3
98200      47471.5
98700      49584.5
99200      36846.5
99700      37567.7
