1300      4.68
1800      7.913
2300      13.132
2800      19.079
3300      27.928
3800      34.868
4300      41.902
4800      53.555
5300      65.813
5800      73.919
6300      87.367
6800      106.222
7300      124.06
7800      144.914
8300      167.283
8800      196.598
9300      246.284
9800      270.078
10300      280.209
10800      306.044
11300      340.793
11800      410.168
12300      467.071
12800      489.511
13300      500.706
13800      537.83
14300      579.298
14800      662.704
15300      676.488
15800      864.576
16300      773.544
16800      820.795
17300      868.307
17800      954.884
18300      1018.51
18800      1092.87
19300      1162.26
19800      1493.47
20300      1608.94
20800      1432.83
21300      1730.58
21800      1610.4
22300      1587.6
22800      1854.56
23300      1799.22
23800      1834.1
24300      1883.53
24800      2309.66
25300      2278.28
25800      2278.96
26300      2396.42
26800      2461.65
27300      2566.51
27800      2551.22
28300      2946.53
28800      2787.52
29300      2838.52
29800      2880.34
30300      2996.59
30800      3132.27
31300      3235.48
31800      3311.4
32300      3464.65
32800      3544.61
33300      3664.91
33800      3836.78
34300      3939.28
34800      4099.09
35300      4224.76
35800      4595.94
36300      4501.35
36800      4792.24
37300      4734.32
37800      4868.74
38300      4874
38800      4955.99
39300      5075
39800      5294.01
40300      5374.41
40800      5567
41300      5706.91
41800      5810.74
42300      5929.74
42800      6067.9
43300      6244.44
43800      6339.06
44300      6544.04
44800      6675.07
45300      6913.91
45800      7015.97
46300      7081.32
46800      7316.52
47300      7526.63
47800      7625.95
48300      7826.55
48800      7960.69
49300      8121.26
49800      8304.86
50300      8474.28
50800      8666.29
51300      8811.49
51800      9020.46
52300      9086.41
52800      9305.27
53300      9532.52
53800      9718.96
54300      9914.31
54800      10143.6
55300      10295.2
55800      10465.9
56300      10625.9
56800      10733.9
57300      11120.3
57800      11100.7
58300      11313.7
58800      11591.3
59300      11727.9
59800      12051.3
60300      12269.5
60800      12414.4
61300      12679.5
61800      12957
62300      13144.9
62800      13297.1
63300      13592.6
63800      13680
64300      13815.1
64800      14206.7
65300      14334.2
65800      14501.2
66300      14811.4
66800      15055.9
67300      15237.8
67800      15390.8
68300      15794.7
68800      16051.9
69300      16283.2
69800      16440.5
70300      16660.7
70800      16854.2
71300      17258
71800      17424.2
72300      17753.6
72800      17996.5
73300      18135
73800      18493.5
74300      18627.8
74800      18881.2
75300      19087.8
75800      19464.2
76300      19730.4
76800      19941.9
77300      20223.5
77800      20469.8
78300      20789.7
78800      21000.3
79300      21483.5
79800      21537.3
80300      21840.1
80800      22221.9
81300      22525.1
81800      22772.4
82300      22923.1
82800      23187.1
83300      23503.9
83800      23871.2
84300      24102.8
84800      24569.5
85300      24599.2
85800      24998.7
86300      25347.9
86800      25668.1
87300      25867.9
87800      26287.5
88300      26445.6
88800      26785.3
89300      26990.2
89800      27337.3
90300      27589.7
90800      27967.1
91300      28428.8
91800      28556.5
92300      28874.5
92800      29105.4
93300      29603.5
93800      29831.3
94300      30049.6
94800      30411.9
95300      30694.2
95800      31075.3
96300      31451.9
96800      31804.7
97300      32043.3
97800      32426.3
98300      32514.1
98800      33162.8
99300      33502.5
99800      33744.3
