1400      3.911
1900      6.624
2400      11.9
2900      23.954
3400      27.924
3900      34.452
4400      46.625
4900      47.12
5400      65.76
5900      73.976
6400      90.155
6900      110.153
7400      139.008
7900      157.116
8400      181.098
8900      218.38
9400      240.536
9900      281.457
10400      306.06
10900      320.419
11400      351.652
11900      524.484
12400      575.969
12900      534.974
13400      579.328
13900      663.623
14400      706.395
14900      701.98
15400      748.232
15900      804.225
16400      883.18
16900      957.562
17400      995.932
17900      1017.87
18400      1118.34
18900      1162.48
19400      1274.77
19900      1326.77
20400      1307.91
20900      1481.05
21400      1560.47
21900      1659.3
22400      1652.13
22900      1692.53
23400      1776.42
23900      1808.58
24400      1946.46
24900      1987.64
25400      2101.91
25900      2139.29
26400      2278.02
26900      2352.6
27400      2463.45
27900      2510.49
28400      2657.05
28900      2767.2
29400      2804.72
29900      2994.89
30400      3053.01
30900      3188.45
31400      3312.38
31900      3742.94
32400      3477.47
32900      3681.7
33400      3942.22
33900      3901.44
34400      4026.23
34900      4085.74
35400      4097.8
35900      4218.09
36400      4342.77
36900      4504.5
37400      4605.71
37900      4725.29
38400      4916.22
38900      5047.58
39400      5137.15
39900      5266.31
40400      5421.42
40900      5473.76
41400      5691.05
41900      5755.06
42400      5976.81
42900      6100.88
43400      6343.03
43900      6413.04
44400      6509.07
44900      6689.72
45400      6903.91
45900      7033.09
46400      7188.18
46900      7355.21
47400      7538.62
47900      7649.83
48400      7813.82
48900      7961.32
49400      8190.66
49900      8402.7
50400      8466.09
50900      8598.67
51400      8865.57
51900      9016.77
52400      9116.8
52900      9436.48
53400      9603.58
53900      9815.22
54400      9980.89
54900      10044.3
55400      10221.7
55900      10630.8
56400      10643.6
56900      10722.9
57400      10920.5
57900      11189.4
58400      11435.7
58900      11703.8
59400      11848.7
59900      12045.1
60400      12282.5
60900      12575.9
61400      12728.1
61900      12905.7
62400      13154.1
62900      13242.5
63400      13417.4
63900      13818.7
64400      13987.8
64900      14183.5
65400      14345.7
65900      14628.5
66400      14817.7
66900      15096.3
67400      15351.5
67900      15602.3
68400      15826.8
68900      15979.5
69400      16182.4
69900      16456.5
70400      16667.3
70900      17024.6
71400      17236.5
71900      17616
72400      17623.7
72900      17962.2
73400      18265
73900      18430.5
74400      18755.6
74900      18912.3
75400      19334.6
75900      19612.2
76400      19691.2
76900      19889.3
77400      20294.8
77900      20520.2
78400      20872.8
78900      21180.2
79400      21283.6
79900      21699.8
80400      22006
80900      22287.9
81400      22458.2
81900      22711.7
82400      22959.4
82900      23330.9
83400      23521.1
83900      23897.3
84400      24266
84900      24448.5
85400      24709.6
85900      25155.6
86400      25379.7
86900      25540.8
87400      25907.6
87900      26275.4
88400      26456.7
88900      26734.6
89400      27049
89900      27233
90400      27713.4
90900      28199.3
91400      28439.3
91900      28613.3
92400      28991.3
92900      29228.4
93400      29583
93900      29863.6
94400      30228.2
94900      30376.5
95400      30715.6
95900      31082.1
96400      31511.1
96900      31778.1
97400      32184.6
97900      32363.9
98400      32853.3
98900      33268.6
99400      33588.4
99900      32725.9
